(10, 34, 153, 158, 165, 185, 208, 253, 267, 288, 292, 333, 339, 349, 356, 364, 380, 434, 457, 586, 588, 590, 592, 593, 595)
(6, 21, 95, 160, 172, 173, 208, 223, 260, 357, 380, 440, 457, 490, 539, 541, 555, 589, 608, 750, 911, 969)
(24, 44, 419, 724)
(5, 25, 36, 47, 186, 207, 217, 218, 252, 270, 289, 339, 356, 360, 361, 368, 380, 412, 442, 480, 539, 588, 593, 595, 597, 608, 697, 708, 720, 780, 786, 830, 832, 848, 858, 914)
(1, 2, 3, 4, 6, 7, 9, 10, 11, 14, 16, 21, 22, 23, 25, 29, 32, 34, 35, 36, 39, 42, 45, 47, 48, 50, 52, 57, 58, 63, 64, 70, 74, 89, 94, 95, 97, 101, 105, 110, 111, 112, 122, 125, 141, 145, 150, 153, 154, 159, 160, 162, 165, 166, 172, 176, 177, 179, 180, 194, 196, 198, 202, 206, 208, 209, 215, 223, 229, 230, 231, 235, 246, 247, 249, 253, 260, 261, 262, 266, 269, 276, 281, 283, 288, 292, 293, 296, 300, 306, 307, 308, 316, 318, 326, 328, 329, 332, 333, 334, 337, 339, 340, 344, 345, 346, 348, 349, 350, 353, 354, 356, 357, 361, 364, 365, 366, 367, 369, 371, 372, 373, 376, 377, 379, 380, 382, 383, 407, 412, 423, 428, 429, 431, 434, 440, 441, 445, 448, 450, 451, 454, 456, 457, 464, 465, 468, 471, 474, 475, 479, 480, 481, 482, 485, 491, 493, 494, 500, 501, 504, 507, 508, 509, 513, 515, 517, 519, 520, 522, 527, 529, 531, 534, 535, 537, 541, 547, 550, 551, 555, 562, 580, 586, 588, 589, 590, 592, 593, 594, 595, 596, 597, 599, 608, 610, 612, 628, 648, 653, 661, 662, 663, 674, 703, 724, 733, 736, 748, 750, 780, 784, 785, 786, 788, 799, 800, 802, 805, 858, 880, 891, 898, 902, 903, 904, 908, 911, 912, 913, 914, 915, 916, 917, 920, 923, 924, 928, 929, 930, 931, 933, 940, 950, 951, 953, 954, 955, 965, 966, 968, 969, 982)
(25, 32, 47, 50, 62, 223, 253, 256, 260, 265, 282, 288, 296, 318, 339, 356, 367, 377, 380, 440, 500, 508, 509, 520, 527, 539, 586, 587, 590, 592, 593, 594, 595, 597, 608, 750, 778, 780, 858, 919, 920, 953)
(45, 303, 531, 915, 954)
(1, 2, 10, 47, 48, 95, 150, 153, 158, 339, 344, 350, 356, 357, 364, 367, 377, 380, 434, 442, 480, 500, 586, 589, 590, 592, 597, 648, 673, 733, 736, 778, 780, 783, 805)
(1, 3, 6, 7, 25, 32, 52, 62, 86, 88, 95, 135, 141, 608, 648, 661, 708, 733, 736, 745, 780, 786, 802)
(1, 10, 104, 110, 111, 223, 231, 260, 293, 296, 317, 318, 364, 441, 480, 608, 609, 788, 904, 908, 913, 922, 954)
(6, 10, 16, 21, 22, 31, 47, 50, 69, 70, 73, 76, 110, 145, 150, 153, 160, 162, 165, 168, 170, 175, 177, 180, 188, 198, 220, 223, 231, 253, 273, 285, 288, 293, 296, 315, 316, 328, 330, 332, 333, 338, 344, 353, 366, 380, 426, 434, 457, 553, 555, 588, 590, 592, 593, 595, 606, 611, 648, 662, 663, 743)
(260, 858, 909, 920, 924)
(217, 223, 247, 260, 366, 377, 380, 593, 785, 799, 858, 891, 928, 968)
(36, 80, 105, 260, 480, 527, 538, 595, 596)
(1, 2, 5, 10, 16, 19, 29, 32, 36, 39, 47, 110, 141, 145, 153, 165, 196, 223, 231, 253, 260, 292, 293, 296, 300, 316, 317, 318, 319, 329, 342, 344, 349, 356, 364, 367, 377, 440, 457, 480, 485, 494, 500, 539, 541, 551, 552, 586, 587, 588, 589, 592, 593, 595, 597, 608, 648, 708, 736, 778, 780, 910, 924, 950)
(1, 4, 10, 19, 21, 32, 39, 44, 45, 50, 58, 112, 141, 150, 151, 153, 160, 161, 165, 172, 186, 196, 198, 208, 218, 223, 235, 236, 247, 249, 252, 261, 265, 266, 272, 282, 288, 293, 296, 307, 316, 317, 319, 327, 329, 333, 339, 344, 349, 350, 353, 356, 357, 364, 368, 371, 377, 380, 417, 434, 440, 454, 457, 468, 471, 474, 477, 480, 491, 497, 500, 508, 509, 520, 527, 531, 539, 551, 555, 586, 587, 588, 589, 590, 592, 593, 595, 597, 608, 648)
(16, 112, 163, 172, 173, 315, 432, 466, 832)
(111, 260, 318)
(74, 260, 527, 778, 786, 858)
(246, 910, 919, 927)
(50, 110, 111, 260, 293, 318, 356, 377, 380, 457, 541, 588, 589, 593, 648, 778)
(150, 355, 362, 364, 480, 852, 909, 914)
(1, 10, 21, 31, 34, 40, 104, 110, 112, 141, 151, 198, 207, 260, 272, 316, 318, 329, 333, 345, 355, 356, 357, 364, 367, 377, 380, 480, 500, 534, 539, 541, 551, 588, 589, 590, 592, 594, 595, 610, 671, 708, 720, 724, 736, 737, 745, 780, 786, 924)
(10, 25, 47, 50, 193, 194, 296, 300, 318, 357, 434, 457, 471, 480, 481, 509, 586, 588, 593, 597)
(32, 145, 216, 231, 272, 318, 356)
(47, 224, 293, 319, 455, 608, 743, 778, 880)
(58, 111, 334, 593, 608, 750, 755, 898, 904, 909, 910, 912, 916, 919, 923)
(2, 10, 21, 34, 47, 50, 110, 150, 151, 153, 160, 161, 165, 173, 185, 196, 225, 231, 236, 252, 253, 266, 282, 292, 296, 316, 317, 318, 329, 339, 349, 350, 356, 364, 367, 377, 380, 420, 432, 434, 440, 454, 457, 480, 500, 527, 539, 553, 586, 587, 588, 589, 590, 592, 593, 595, 597)
(1, 3, 6, 11, 14, 16, 17, 21, 25, 28, 30, 32, 34, 36, 41, 42, 45, 47, 50, 52, 58, 62, 64, 68, 69, 70, 72, 81, 94, 101, 104, 110, 111, 118, 125, 140, 144, 147, 150, 151, 154, 159, 162, 166, 175, 176, 180, 194, 213, 214, 215, 223, 224, 231, 232, 233, 235, 237, 246, 249, 253, 260, 265, 266, 272, 273, 281, 288, 290, 293, 296, 299, 300, 303, 305, 306, 307, 308, 318, 326, 333, 334, 337, 344, 345, 348, 349, 356, 357, 364, 367, 372, 373, 377, 380, 383, 388, 417, 428, 431, 434, 441, 446, 453, 454, 457, 458, 471, 474, 475, 477, 480, 492, 493, 496, 497, 500, 501, 506, 507, 508, 509, 515, 518, 520, 527, 529, 534, 535, 539, 541, 551, 553, 555, 562, 567, 574, 586, 587, 588, 589, 590, 592, 593, 594, 595, 597, 605, 608, 627, 639, 674, 678, 714, 736, 745, 750, 762, 778, 780, 785, 800, 802, 806, 830, 850, 851, 852, 858, 864, 866, 869, 889, 893, 899, 902, 904, 908, 909, 910, 912, 919, 923, 924, 949, 969, 971, 987, 991, 994, 997, 999)
(1, 11, 16, 58, 112, 150, 151, 246, 260, 315, 318, 380, 432, 457, 480, 515, 520, 592, 593, 720, 832)
(1, 6, 11, 16, 19, 32, 36, 47, 50, 104, 111, 173, 231, 235, 260, 293, 296, 300, 318, 337, 356, 380, 442, 527, 555, 589, 592, 593, 608, 784, 858, 924)
(32, 110, 198, 260, 480, 527, 541, 589, 593, 750, 780, 908, 912, 924, 965)
(10, 16, 17, 104, 110, 153, 260, 356, 527, 592, 612, 912)
(3, 5, 6, 7, 17, 36, 52, 62, 64, 100, 118, 140, 141, 376, 494, 605, 608, 637, 648, 650, 707, 708, 719, 736, 780, 788, 805, 852)
(50, 260, 296, 901, 902, 912, 914, 915, 916, 919, 924, 937)
(1, 2, 7, 11, 17, 28, 34, 36, 39, 48, 57, 62, 107, 112, 148, 153, 185, 207, 224, 236, 237, 252, 260, 261, 276, 282, 303, 316, 317, 318, 329, 337, 339, 349, 350, 351, 355, 356, 357, 361, 364, 377, 423, 432, 440, 457, 468, 490, 491, 494, 497, 500, 509, 515, 516, 539, 541, 543, 587, 588, 590, 592, 594, 595, 596, 608, 613, 700, 708, 750, 765, 830, 838, 848, 861, 898, 899, 900, 901, 902, 905, 907, 908, 909, 910, 911, 912, 913, 914, 915, 916, 918, 919, 920, 921, 924, 928, 930, 932, 933, 935, 937, 938, 940, 941, 942, 943, 945, 947, 948, 952, 953, 954, 963, 964, 969, 971, 991, 994)
(262, 542, 595, 724, 934)
(23, 50, 318, 541, 750, 858, 913, 922, 934)
(1, 2, 10, 16, 34, 50, 60, 111, 153, 223, 231, 256, 260, 296, 329, 344, 356, 357, 364, 413, 480, 500, 508, 586, 588, 589, 592, 593, 595, 608, 616, 743, 858, 912, 919, 924)
(1, 3, 17, 25, 32, 41, 62, 65, 76, 104, 376, 494, 640, 648, 719, 724, 736, 780, 788)
(16, 32, 52, 88, 110, 111, 112, 153, 165, 180, 208, 216, 223, 247, 293, 296, 318, 344, 356, 380, 431, 441, 501, 520, 541, 551, 588, 592, 608, 678, 743, 745, 750, 778, 849, 858, 903, 904, 908, 913, 953, 968)
(1, 6, 7, 10, 11, 14, 15, 16, 17, 20, 21, 23, 24, 27, 28, 31, 34, 39, 40, 43, 45, 47, 48, 50, 57, 61, 62, 71, 74, 79, 83, 89, 95, 100, 102, 105, 110, 122, 135, 140, 150, 153, 155, 158, 160, 161, 163, 164, 165, 168, 172, 177, 185, 186, 195, 203, 204, 207, 208, 218, 222, 224, 225, 235, 236, 237, 246, 252, 256, 260, 261, 262, 266, 270, 276, 277, 280, 281, 282, 289, 292, 293, 296, 300, 303, 314, 315, 316, 317, 318, 329, 338, 339, 342, 346, 349, 350, 351, 356, 357, 360, 361, 362, 364, 368, 371, 372, 376, 377, 378, 379, 380, 384, 408, 412, 414, 415, 416, 420, 421, 422, 424, 434, 440, 450, 453, 454, 455, 457, 463, 464, 471, 474, 475, 477, 480, 485, 488, 489, 491, 494, 500, 502, 506, 507, 508, 510, 514, 515, 516, 517, 524, 527, 529, 531, 532, 534, 539, 541, 551, 552, 553, 569, 586, 587, 588, 589, 590, 592, 593, 594, 595, 596, 597, 599, 603, 605, 608, 613, 616, 628, 635, 637, 647, 648, 650, 653, 674, 691, 694, 707, 708, 720, 733, 736, 750, 762, 780, 786, 788, 798, 800, 802, 805, 809, 828, 830, 832, 836, 838, 849, 852, 880, 897, 898, 899, 900, 901, 902, 903, 904, 905, 906, 907, 908, 909, 910, 911, 912, 913, 914, 915, 916, 917, 918, 919, 920, 921, 922, 923, 924, 926, 928, 930, 932, 933, 934, 936, 937, 938, 942, 943, 944, 945, 947, 948, 949, 950, 951, 952, 953, 954, 955, 956, 960, 962, 964, 969, 971, 972, 973, 976, 982, 992)
(2, 3, 19, 45, 160, 231, 318, 342, 466, 480, 520, 543, 608, 784)
(223, 260, 381, 480, 785, 913, 968)
(6, 21, 39, 50, 69, 101, 141, 150, 151, 205, 224, 235, 266, 272, 351, 356, 370, 377, 441, 480, 514, 532, 608, 663, 750, 778, 799, 904, 908, 923)
(1, 7, 17, 32, 36, 47, 50, 58, 105, 150, 265, 288, 296, 318, 350, 356, 357, 364, 457, 475, 480, 508, 527, 586, 587, 590, 593, 597, 608, 720, 745, 778, 780, 923)
(19, 32, 44, 95, 110, 150, 151, 158, 160, 165, 172, 173, 196, 204, 208, 225, 231, 253, 292, 296, 316, 317, 329, 339, 344, 349, 353, 356, 364, 367, 368, 377, 380, 420, 432, 434, 442, 454, 457, 480, 500, 527, 551, 587, 589, 590, 592, 597, 736, 780)
(50, 145, 163, 296, 318, 337, 356, 381, 527, 593, 858, 912)
(1, 32, 34, 107, 110, 150, 153, 207, 231, 260, 296, 316, 318, 344, 356, 364, 367, 380, 457, 480, 497, 500, 527, 588, 590, 592, 593, 595, 597, 608, 671, 720, 736, 745, 750, 780, 858, 904, 905, 912)
(22, 24, 71, 94, 125, 140, 179, 185, 194, 223, 293, 299, 316, 319, 338, 339, 358, 377, 378, 388, 422, 442, 477, 494, 539, 550, 588, 592, 597, 627, 628, 708, 719, 780, 984, 988, 998)
(1, 10, 16, 21, 29, 39, 47, 50, 101, 104, 111, 147, 160, 176, 216, 223, 231, 246, 250, 260, 292, 293, 296, 318, 333, 337, 342, 356, 377, 441, 442, 456, 457, 480, 527, 529, 541, 586, 593, 673, 750, 778, 916, 919, 922, 923, 924, 926, 942, 951, 953)
(1, 21, 110, 162, 206, 246, 260, 296, 474, 527, 541, 549, 608, 778, 858, 913)
(260, 541, 589, 593)
(1, 150, 153, 165, 260, 318, 344, 356, 364, 377, 380, 435, 457, 480, 494, 520, 524, 543, 588, 592, 593, 733, 736, 780)
(1, 2, 6, 10, 21, 31, 32, 110, 126, 173, 185, 260, 353, 356, 367, 380, 405, 442, 474, 480, 493, 541, 589, 592, 651, 673, 733, 788, 810, 858, 903, 924)
(50, 150, 161, 165, 208, 231, 292, 296, 316, 318, 329, 344, 349, 364, 380, 434, 454, 457, 474, 480, 500, 586, 590, 592, 593)
(1, 6, 86, 111, 260, 265, 376, 480, 509, 527, 541, 608, 648, 653, 750, 852, 858, 899, 903, 904, 908, 912, 913, 919, 920, 924, 953, 969)
(1, 6, 10, 16, 17, 22, 25, 30, 32, 34, 36, 47, 50, 59, 70, 81, 95, 111, 112, 117, 123, 149, 153, 164, 176, 190, 198, 229, 235, 247, 290, 293, 296, 300, 302, 306, 307, 319, 320, 322, 348, 356, 367, 373, 431, 457, 474, 490, 494, 509, 527, 532, 541, 549, 589, 592, 593, 599, 608, 627, 632, 696, 707, 750, 757, 778, 787, 800, 831, 841, 850, 858, 865, 866, 903, 904, 908, 910, 912, 913, 924, 931, 951, 955, 994)
(1, 50, 208, 260, 356, 357, 480, 527, 593, 858, 912, 953)
(6, 47, 293, 296, 318, 356, 364, 858)
(24, 32, 73, 111, 175, 235, 293, 296, 299, 334, 337, 356, 509, 523, 562, 574, 593, 678, 778, 982)
(10, 21, 32, 39, 47, 150, 153, 165, 185, 225, 253, 266, 282, 288, 292, 296, 315, 316, 329, 337, 344, 349, 356, 364, 377, 380, 410, 420, 432, 434, 454, 457, 480, 500, 527, 553, 588, 589, 590, 592, 593)
(10, 104, 110, 150, 158, 165, 223, 260, 329, 349, 353, 356, 364, 367, 380, 480, 527, 588, 589, 592, 596, 736, 780, 783, 785, 919)
(4, 24, 235, 348, 527, 608, 785)
(60, 110, 247, 267, 296, 318, 355, 356, 377, 527, 588, 592, 593, 595, 736, 778, 866)
(1, 2, 6, 10, 11, 17, 19, 21, 25, 34, 36, 39, 48, 60, 62, 105, 110, 111, 141, 150, 151, 153, 158, 160, 161, 165, 168, 172, 173, 185, 186, 208, 216, 218, 222, 224, 225, 231, 234, 235, 236, 237, 246, 253, 256, 261, 265, 266, 272, 276, 277, 282, 288, 293, 296, 300, 315, 317, 318, 329, 333, 337, 339, 342, 344, 348, 349, 364, 380, 381, 410, 413, 420, 432, 434, 435, 454, 457, 477, 553, 555, 588, 590, 592, 593, 595, 608)
(1, 2, 10, 16, 19, 20, 34, 62, 104, 110, 150, 151, 172, 173, 204, 223, 231, 260, 296, 303, 318, 333, 337, 344, 349, 353, 356, 367, 368, 442, 454, 480, 500, 524, 529, 543, 552, 553, 585, 589, 590, 592, 593, 597, 707, 719, 733, 750, 778, 780, 783, 784, 786, 802, 805, 849, 852, 858, 914, 923, 953)
(1, 17, 18, 25, 29, 30, 32, 36, 52, 65, 68, 85, 88, 102, 141, 260, 562, 608, 639, 640, 648, 663, 724, 736, 762, 766, 778, 781, 788)
(170, 468, 555, 616, 719, 720, 838)
(1, 4, 20, 21, 32, 39, 50, 93, 110, 111, 122, 145, 150, 151, 153, 163, 164, 165, 173, 175, 196, 198, 204, 217, 225, 227, 234, 235, 237, 252, 255, 259, 260, 269, 287, 288, 292, 296, 300, 318, 322, 329, 333, 356, 357, 358, 364, 371, 377, 378, 380, 384, 391, 410, 417, 419, 420, 426, 427, 428, 432, 434, 440, 442, 445, 450, 454, 457, 474, 485, 489, 493, 500, 505, 508, 509, 510, 514, 515, 516, 519, 524, 535, 538, 540, 541, 553, 555, 569, 587, 589, 590, 592, 593, 597, 608, 639, 648, 750, 780, 912, 924)
(111, 158, 173, 293, 596, 903)
(2, 5, 10, 19, 22, 23, 54, 62, 74, 95, 110, 135, 150, 151, 153, 160, 161, 163, 168, 172, 173, 185, 204, 207, 208, 225, 231, 236, 237, 238, 248, 252, 253, 256, 266, 274, 276, 292, 316, 318, 333, 339, 344, 349, 380, 381, 432, 434, 588, 590, 595)
(1, 104, 110, 158, 161, 165, 260, 261, 349, 356, 457, 529, 588, 608, 780, 832, 903, 920, 923)
(1, 161, 175, 180, 223, 231, 246, 256, 280, 288, 293, 296, 300, 318, 334, 337, 349, 356, 357, 364, 371, 377, 380, 413, 415, 431, 434, 440, 454, 457, 471, 474, 480, 485, 500, 508, 527, 555, 586, 588, 589, 593, 595, 597, 720)
(158, 266, 277, 316, 543, 596, 913)
(5, 39, 296, 339, 356, 357, 597, 724, 902, 920)
(1)
(21, 62, 110, 168, 296, 318, 350, 356, 368, 442, 509, 517, 541, 586, 590, 593, 597, 674, 762, 802, 908, 912, 919, 920, 949, 969)
(223, 293, 318, 356, 555, 593, 608, 778)
(1, 48, 150, 163, 208, 232, 239, 246, 296, 329, 362, 364, 380, 440, 457, 551, 588, 590, 592, 595, 610, 616, 661, 709)
(3, 8, 28, 48, 52, 195, 236, 260, 261, 296, 309, 500, 513, 515, 527, 540, 589, 593, 608, 780, 838, 858, 899, 902, 905, 910, 913, 919, 923, 928, 933, 942, 945, 947, 950, 951, 955, 965, 994)
(50, 236, 260, 318, 333, 376, 471, 527, 593, 608, 805, 852, 858, 904, 908)
(1, 11, 44, 112, 151, 153, 165, 173, 232, 235, 253, 265, 288, 316, 318, 329, 344, 348, 349, 353, 356, 357, 364, 370, 377, 380, 410, 440, 442, 457, 466, 471, 475, 477, 480, 497, 515, 520, 527, 551, 552, 587, 588, 589, 590, 592, 593, 594, 595, 596, 597)
(357, 365, 461, 866)
(10, 19, 34, 44, 47, 48, 93, 110, 150, 151, 153, 158, 168, 172, 173, 177, 186, 208, 231, 253, 260, 261, 273, 296, 316, 344, 353, 356, 364, 367, 368, 370, 380, 382, 434, 442, 480, 485, 500, 520, 527, 541, 551, 552, 586, 588, 589, 592, 593, 648, 653, 733, 750, 780, 784, 832, 903, 904, 910, 914, 919, 920, 924)
(39, 342, 356, 357, 377, 440, 499, 527, 911, 914, 920)
(1, 6, 16, 34, 47, 50, 70, 111, 112, 149, 161, 170, 190, 229, 232, 245, 247, 259, 260, 265, 290, 293, 296, 300, 306, 319, 349, 373, 377, 431, 457, 474, 481, 482, 521, 527, 541, 555, 589, 590, 593, 608, 621, 640, 745, 858, 866, 896, 912, 922, 923, 926, 930, 949, 999)
(150, 300, 337, 480, 589, 608, 994)
(31, 246, 256, 628, 673, 785, 969)
(65, 88, 110, 150, 296, 318, 344, 480, 589, 593, 609, 780)
(2, 10, 11, 17, 19, 22, 27, 31, 32, 34, 39, 47, 48, 50, 54, 74, 89, 94, 95, 102, 104, 110, 122, 141, 145, 147, 150, 153, 158, 160, 161, 165, 168, 175, 179, 180, 185, 186, 193, 195, 203, 207, 208, 216, 218, 222, 224, 225, 227, 230, 231, 236, 237, 240, 248, 252, 253, 257, 261, 265, 266, 270, 273, 277, 280, 288, 289, 293, 296, 300, 304, 316, 318, 329, 333, 339, 340, 344, 349, 350, 353, 355, 356, 357, 361, 364, 367, 370, 371, 372, 376, 377, 378, 380, 381, 410, 412, 415, 420, 421, 422, 426, 431, 433, 440, 450, 453, 454, 455, 457, 466, 471, 474, 475, 480, 489, 490, 491, 497, 500, 508, 510, 516, 520, 521, 524, 527, 539, 540, 542, 543, 544, 550, 552, 555, 585, 586, 587, 588, 590, 592, 593, 594, 595, 596, 597, 640, 648, 662, 708, 724, 736)
(10, 85, 105, 110, 168, 257, 260, 277, 315, 339, 349, 350, 356, 357, 377, 380, 423, 434, 457, 468, 474, 509, 515, 531, 586, 590, 648, 653, 674, 780, 858, 897, 904, 908, 910, 912, 915, 916, 920, 931, 947, 951, 952, 955, 969)
(1, 10, 19, 21, 34, 36, 48, 50, 104, 110, 141, 150, 153, 165, 173, 193, 216, 223, 231, 235, 246, 260, 266, 272, 288, 293, 300, 303, 315, 316, 318, 333, 337, 339, 349, 353, 356, 364, 367, 368, 377, 380, 410, 423, 442, 454, 457, 475, 480, 497, 500, 508, 527, 541, 543, 551, 588, 589, 590, 592, 593, 594, 595, 596, 597, 608, 610, 648, 661, 674, 720, 736, 745, 750, 780, 785, 858, 899, 908, 914, 919, 953)
(2, 60, 161, 173, 258, 303, 329, 356, 421, 466, 524, 590, 592, 653, 674, 688, 733, 736, 750, 780, 897, 912, 919, 920, 952, 969, 976)
(1, 5, 7, 10, 11, 12, 17, 26, 28, 34, 39, 44, 48, 62, 73, 92, 104, 107, 110, 112, 153, 160, 163, 165, 168, 170, 185, 193, 203, 207, 224, 225, 234, 235, 236, 237, 252, 253, 260, 261, 262, 265, 270, 289, 292, 300, 305, 313, 317, 318, 329, 338, 339, 342, 355, 356, 360, 361, 364, 367, 368, 370, 376, 377, 380, 405, 410, 412, 419, 435, 440, 445, 454, 455, 457, 466, 468, 480, 497, 500, 502, 513, 520, 524, 527, 531, 539, 541, 543, 546, 551, 552, 553, 585, 586, 587, 588, 589, 590, 592, 594, 595, 596, 597, 605, 616, 619, 637, 648, 650, 653, 674, 708, 709, 743, 745, 750, 761, 780, 783, 802, 805, 818, 830, 833, 838, 879, 898, 899, 900, 901, 902, 903, 904, 906, 907, 908, 910, 911, 912, 913, 914, 915, 916, 917, 918, 919, 920, 926, 930, 931, 932, 933, 935, 938, 945, 955, 969)
(34, 239, 344, 410, 588, 616, 631, 934, 940)
(260, 265, 541, 593, 920)
(6, 36, 81, 95, 150, 165, 296, 316, 356, 380, 457, 588, 590, 592, 610, 648, 736, 780, 786)
(4, 17, 35, 45, 46, 47, 50, 58, 96, 110, 111, 144, 150, 151, 162, 222, 233, 272, 277, 280, 299, 300, 302, 318, 319, 331, 342, 347, 356, 357, 381, 382, 412, 475, 481, 493, 497, 501, 506, 508, 509, 515, 521, 522, 527, 531, 534, 535, 537, 555, 587, 590, 592, 728, 778, 838, 892, 924)
(6, 10, 39, 47, 50, 95, 110, 112, 150, 153, 163, 165, 185, 186, 208, 231, 260, 292, 293, 296, 315, 316, 318, 339, 344, 356, 357, 364, 367, 370, 374, 377, 380, 434, 457, 466, 475, 480, 500, 527, 539, 541, 588, 589, 590, 592, 593, 595, 597, 608, 628, 648, 733, 736, 778, 780, 832, 858, 912, 919, 924)
(16, 21, 111, 163, 173, 235, 466, 541, 608, 653, 720, 745, 858)
(5, 6, 7, 9, 14, 17, 18, 25, 32, 36, 52, 62, 74, 76, 79, 81, 85, 86, 92, 95, 100, 140, 141, 260, 376, 494, 608, 628, 640, 648, 653, 707, 708, 719, 733, 736, 743, 748, 762, 765, 780, 785, 786, 788, 802, 805, 818, 832, 849, 852, 880)
(2, 29, 32, 47, 110, 112, 185, 196, 260, 316, 318, 319, 344, 353, 367, 368, 379, 442, 480, 485, 504, 520, 527, 541, 555, 558, 589, 590, 593, 608, 648, 653, 663, 671, 674, 735, 741, 750, 780, 788, 861, 876, 924)
(1, 2, 7, 150, 260, 344, 356, 367, 468, 480, 519, 587, 588, 592, 648, 736, 778, 780, 924)
(16, 29, 32, 47, 70, 111, 117, 163, 166, 175, 178, 180, 223, 235, 247, 288, 296, 347, 444, 471, 488, 532, 541, 562, 581, 589, 592, 599, 608, 714, 839, 849, 910, 922, 968)
(23, 150, 344, 433, 577, 588, 748)
(47, 163, 223, 249, 315, 318, 520, 541, 552, 589, 590, 941)
(208, 329, 380, 421, 455, 480, 539, 552, 589, 590, 595, 673)
(6, 10, 14, 19, 21, 25, 32, 47, 50, 62, 110, 150, 153, 161, 165, 185, 208, 223, 231, 253, 288, 296, 300, 316, 318, 329, 339, 344, 349, 356, 364, 367, 368, 377, 380, 428, 434, 454, 457, 471, 475, 480, 514, 527, 589, 590, 592, 593, 648, 733, 786)
(2, 5, 6, 10, 22, 25, 31, 32, 34, 47, 50, 110, 141, 150, 151, 153, 160, 161, 163, 165, 168, 172, 173, 185, 186, 193, 196, 204, 208, 223, 225, 231, 235, 253, 256, 265, 266, 276, 288, 292, 293, 296, 315, 316, 317, 318, 329, 333, 337, 339, 342, 344, 349, 350, 353, 356, 357, 364, 367, 368, 370, 377, 380, 420, 432, 434, 435, 440, 442, 454, 457, 466, 468, 474, 480, 485, 500, 508, 520, 527, 551, 588, 589, 590, 592, 595, 597, 736, 780)
(32, 45, 47, 50, 110, 260, 282, 296, 318, 356, 457, 520, 524, 527, 543, 589, 593, 628, 805, 858)
(1, 260, 329, 356, 382, 466, 541, 594, 610, 611, 671, 674, 742, 879, 924)
(318, 356, 589)
(6, 10, 19, 39, 105, 110, 150, 153, 162, 165, 185, 196, 231, 236, 252, 292, 296, 329, 344, 356, 420, 432, 434, 454, 457, 480, 508, 509, 527, 539, 585, 586, 587, 588, 589, 590, 592, 593, 595, 597)
(1, 11, 13, 150, 216, 239, 258, 260, 356, 364, 539, 587, 588, 595, 596, 750, 780, 858, 908)
(5, 135, 193, 236, 237, 339, 350, 356, 367, 370, 380, 381, 420, 454, 480, 500, 539, 586, 597, 648, 736)
(2, 19, 34, 39, 44, 47, 48, 62, 158, 160, 181, 185, 208, 231, 237, 261, 266, 277, 316, 318, 344, 349, 350, 355, 356, 362, 364, 367, 370, 374, 377, 380, 432, 434, 442, 454, 455, 457, 474, 480, 500, 508, 527, 539, 551, 586, 587, 588, 590, 592, 593, 594, 595, 597, 736)
(1, 10, 19, 34, 150, 165, 231, 296, 318, 344, 356, 364, 455, 480, 519, 527, 586, 589, 593, 596, 597, 648, 778, 780, 858)
(11, 16, 21, 25, 31, 36, 50, 58, 94, 100, 111, 125, 150, 193, 223, 231, 235, 237, 246, 280, 282, 288, 293, 296, 300, 318, 337, 342, 590, 608, 720)
(296, 318, 329, 419, 442, 969)
(1, 16, 50, 69, 104, 110, 111, 150, 161, 208, 231, 260, 292, 296, 316, 318, 344, 353, 356, 367, 442, 480, 527, 551, 590, 593, 733, 780, 858, 923)
(14, 25, 28, 34, 35, 36, 37, 45, 47, 50, 52, 58, 70, 78, 94, 111, 117, 125, 147, 150, 159, 162, 194, 202, 224, 235, 246, 247, 253, 260, 261, 272, 280, 296, 300, 303, 314, 318, 334, 337, 342, 345, 346, 348, 352, 382, 410, 417, 434, 441, 457, 471, 474, 492, 501, 506, 507, 508, 527, 529, 532, 535, 538, 541, 549, 551, 555, 556, 562, 574, 581, 590, 592, 593, 594, 596, 599, 608, 616, 661, 745, 750, 766, 778, 780, 799, 800, 802, 858, 898, 899, 902, 903, 904, 905, 908, 909, 910, 912, 913, 914, 918, 919, 920, 921, 922, 923, 924, 926, 927, 928, 930, 931, 945, 948, 949, 950, 953, 954, 955, 965, 968, 969, 971, 973, 982, 994)
(1, 2, 10, 32, 39, 48, 62, 104, 141, 150, 153, 160, 163, 173, 180, 208, 216, 223, 231, 235, 236, 260, 293, 296, 317, 327, 329, 355, 356, 364, 367, 368, 370, 377, 380, 410, 466, 480, 500, 527, 551, 552, 586, 588, 592, 593, 594, 595, 596, 648, 733, 780, 783, 802, 832, 908, 919, 923, 924)
(1, 6, 10, 11, 17, 34, 39, 40, 50, 95, 105, 110, 112, 125, 150, 153, 161, 163, 165, 171, 186, 198, 203, 215, 222, 223, 246, 249, 253, 256, 265, 273, 281, 282, 293, 296, 300, 303, 307, 315, 316, 318, 329, 339, 345, 348, 349, 356, 357, 364, 377, 380, 435, 440, 442, 454, 457, 468, 475, 480, 497, 509, 515, 527, 529, 539, 551, 553, 585, 587, 588, 589, 590, 592, 593, 595, 597, 610, 736, 780)
(1, 10, 47, 50, 110, 260, 356, 480, 589, 593, 720, 741, 745, 858, 919)
(1, 2, 13, 260, 316, 329, 364, 480, 484, 494, 588, 589, 595, 616, 648, 653, 733, 780, 911, 919, 924, 955)
(1, 34, 39, 70, 104, 110, 216, 223, 231, 339, 356, 480, 500, 524, 527, 585, 588, 589, 608, 837, 838)
(107, 203, 262)
(50, 204, 260, 318, 858)
(1, 2, 10, 150, 186, 260, 292, 356, 364, 376, 377, 380, 405, 480, 520, 527, 541, 586, 588, 589, 593, 594, 597, 736, 750, 780, 788, 919)
(1, 2, 7, 13, 15, 19, 24, 32, 34, 39, 47, 48, 60, 89, 95, 104, 110, 141, 150, 153, 158, 160, 165, 168, 170, 172, 173, 185, 196, 204, 208, 216, 239, 253, 256, 260, 292, 293, 313, 316, 317, 339, 344, 349, 355, 356, 357, 364, 367, 368, 374, 377, 379, 380, 435, 440, 442, 455, 457, 474, 480, 494, 500, 520, 539, 541, 552, 586, 587, 588, 589, 590, 592, 593, 594, 595, 596, 597, 608, 616, 648, 653, 661, 673, 709, 719, 724, 733, 736, 741, 748, 780, 783, 786, 788, 799, 802, 805, 810, 832, 837, 919, 953, 986)
(260, 318, 381, 765, 919)
(1, 19, 110, 150, 153, 260, 296, 318, 344, 356, 367, 457, 480, 527, 586, 588, 589, 592, 593, 648, 743, 780, 858)
(6, 16, 25, 32, 47, 110, 111, 150, 223, 260, 293, 296, 356, 480, 527, 556, 589, 593, 608, 714, 750, 778, 780, 858, 924)
(318, 481, 527, 637, 678)
(69, 231, 260, 329, 356, 367, 379, 589, 590, 765)
(2, 104, 150, 318, 367, 586, 593)
(19, 22, 23, 34, 39, 45, 47, 50, 57, 60, 110, 122, 132, 144, 150, 153, 154, 158, 159, 160, 161, 163, 165, 177, 178, 180, 181, 185, 186, 188, 193, 194, 195, 196, 198, 204, 206, 216, 222, 223, 224, 225, 230, 231, 233, 234, 235, 236, 237, 241, 246, 248, 250, 252, 253, 256, 257, 259, 260, 261, 266, 270, 273, 276, 277, 278, 281, 288, 289, 291, 293, 294, 295, 296, 300, 303, 305, 315, 316, 317, 318, 319, 333, 337, 339, 340, 344, 349, 351, 352, 380, 381, 416, 420, 427, 431, 432, 434, 435, 444, 452, 468, 553, 554, 555, 588, 590, 592, 595)
(1, 5, 6, 11, 16, 19, 21, 32, 34, 36, 39, 47, 50, 95, 110, 141, 150, 163, 165, 180, 185, 186, 208, 223, 235, 253, 260, 282, 288, 292, 293, 296, 300, 317, 318, 339, 344, 353, 356, 357, 364, 367, 377, 380, 410, 420, 457, 480, 485, 500, 527, 539, 541, 553, 555, 586, 589, 590, 592, 593, 597, 608, 678, 733, 736, 778, 780, 784, 786, 858)
(1, 2, 5, 10, 16, 17, 19, 28, 32, 34, 36, 39, 44, 47, 48, 50, 95, 104, 110, 145, 147, 150, 151, 153, 158, 163, 165, 168, 172, 173, 180, 185, 186, 208, 216, 223, 224, 231, 235, 253, 260, 261, 266, 292, 296, 300, 315, 317, 318, 333, 337, 339, 342, 344, 345, 350, 356, 357, 364, 367, 368, 370, 372, 374, 377, 413, 420, 435, 440, 441, 442, 455, 457, 474, 480, 491, 497, 500, 508, 509, 520, 527, 539, 546, 551, 552, 555, 586, 587, 588, 589, 590, 592, 593, 594, 595, 596, 597, 613, 648, 650, 653, 661, 673, 736, 750, 762, 778, 780, 783, 784, 805, 830, 837, 838, 858, 899, 902, 903, 912, 914, 916, 919, 920, 923, 934, 940, 953, 971, 986, 991)
(1, 21, 34, 50, 105, 342, 508, 527, 590, 647, 783, 858)
(520, 899, 903)
(1, 2, 3, 5, 6, 7, 10, 11, 12, 13, 15, 16, 17, 18, 19, 21, 22, 25, 30, 32, 34, 35, 36, 39, 41, 42, 43, 44, 45, 46, 47, 48, 49, 50, 52, 55, 57, 60, 61, 62, 66, 68, 70, 71, 73, 74, 76, 77, 78, 81, 85, 86, 87, 88, 89, 92, 93, 94, 95, 99, 102, 103, 104, 105, 107, 108, 110, 111, 112, 113, 116, 118, 121, 122, 125, 126, 131, 132, 137, 141, 145, 147, 149, 150, 151, 152, 153, 155, 156, 157, 158, 160, 161, 162, 165, 166, 169, 170, 171, 172, 173, 174, 175, 176, 177, 180, 181, 183, 184, 185, 186, 188, 189, 193, 194, 196, 198, 202, 203, 205, 206, 207, 208, 211, 216, 217, 218, 219, 220, 222, 223, 225, 229, 230, 231, 233, 234, 235, 236, 237, 239, 240, 241, 244, 247, 248, 250, 252, 253, 255, 256, 257, 260, 261, 265, 266, 267, 271, 273, 277, 278, 282, 287, 288, 291, 292, 295, 296, 299, 302, 303, 304, 312, 313, 314, 315, 317, 319, 320, 324, 325, 326, 327, 328, 329, 330, 332, 333, 335, 337, 338, 339, 341, 342, 344, 345, 347, 348, 349, 350, 351, 352, 353, 355, 356, 357, 360, 361, 362, 363, 364, 365, 366, 367, 368, 369, 371, 372, 373, 374, 375, 376, 377, 378, 379, 380, 381, 382, 384, 387, 388, 390, 391, 392, 405, 407, 410, 413, 415, 416, 417, 419, 420, 421, 422, 423, 425, 426, 427, 429, 431, 432, 434, 435, 436, 437, 440, 441, 442, 443, 444, 445, 446, 447, 448, 450, 451, 452, 454, 455, 457, 461, 465, 468, 469, 472, 473, 475, 477, 480, 481, 485, 488, 489, 490, 491, 492, 493, 495, 497, 500, 501, 502, 505, 506, 507, 508, 509, 512, 513, 514, 517, 518, 519, 521, 523, 526, 527, 529, 532, 533, 534, 535, 536, 537, 538, 539, 540, 541, 542, 543, 544, 547, 548, 550, 551, 552, 553, 555, 556, 558, 561, 562, 565, 567, 571, 574, 575, 577, 580, 581, 585, 586, 587, 588, 589, 590, 592, 593, 594, 595, 596, 597, 606, 608, 610, 611, 612, 614, 616, 621, 627, 628, 631, 633, 637, 639, 640, 648, 653, 661, 662, 663, 664, 670, 671, 673, 674, 678, 680, 691, 695, 697, 705, 707, 708, 709, 719, 720, 722, 724, 728, 731, 733, 735, 736, 737, 741, 743, 745, 748, 750, 753, 754, 765, 766, 775, 778, 779, 780, 782, 783, 784, 785, 786, 788, 798, 799, 800, 801, 802, 804, 806, 810, 818, 830, 831, 835, 836, 838, 840, 841, 842, 846, 849, 851, 858, 861, 864, 866, 875, 879, 880, 881, 882, 888, 891, 892, 893, 896, 901, 903, 904, 905, 908, 910, 912, 914, 919, 920, 921, 922, 923, 924, 926, 928, 930, 931, 934, 942, 949, 953, 955, 968, 971, 980, 988, 991, 997, 998)
(1, 16, 105, 111, 277, 296, 318, 337, 356, 428, 527, 543, 593, 608, 858, 904, 957)
(1, 2, 10, 12, 32, 34, 47, 50, 160, 165, 208, 235, 260, 267, 293, 296, 316, 344, 367, 370, 377, 466, 480, 485, 527, 541, 551, 586, 589, 648, 733, 736, 741, 778, 780, 924)
(11, 17, 39, 95, 110, 141, 153, 196, 253, 316, 344, 349, 356, 380, 435, 480, 553, 589, 592, 593)
(3, 5, 9, 12, 14, 17, 36, 52, 62, 74, 95, 99, 104, 107, 116, 140, 141, 260, 494, 608, 609, 631, 648, 671, 708, 711, 736, 761, 762, 780, 783, 784, 788, 830, 858)
(1, 2, 19, 32, 141, 296, 344, 364, 376, 480, 648, 661, 673, 724, 780, 784, 788, 858)
(1, 47, 48, 73, 95, 107, 199, 260, 261, 262, 276, 296, 308, 364, 480, 588, 595, 647, 783, 919)
(112, 153, 164, 296, 306, 307, 318, 347, 380, 434, 480, 541, 546, 590, 608, 711)
(2, 19, 31, 44, 110, 150, 153, 158, 165, 168, 173, 204, 208, 225, 231, 252, 261, 266, 292, 296, 300, 316, 317, 333, 337, 344, 349, 350, 356, 364, 367, 377, 380, 410, 420, 428, 432, 434, 440, 442, 457, 480, 553, 588, 589, 590, 592, 595)
(260, 356, 588)
(25, 32, 36, 79, 110, 111, 150, 196, 230, 253, 260, 266, 281, 292, 316, 318, 329, 361, 379, 388, 436, 480, 491, 509, 516, 529, 531, 534, 541, 589, 590, 592, 593, 608, 724, 780, 788, 832, 899, 923, 953, 969)
(19, 25, 32, 34, 36, 39, 47, 50, 62, 94, 110, 165, 208, 231, 260, 292, 293, 296, 356, 367, 372, 434, 480, 500, 539, 541, 585, 586, 587, 590, 593, 597, 608, 736, 778, 858, 912, 924)
(2, 18, 32, 50, 163, 253, 260, 296, 316, 353, 364, 367, 368, 520, 588, 595, 750)
(144, 207, 338, 361, 382, 799, 994)
(10, 11, 153, 165, 231, 337, 339, 344, 356, 357, 367, 420, 480, 500, 508, 539, 589, 590, 593, 597)
(1, 6, 32, 47, 60, 260, 293, 296, 344, 356, 364, 367, 442, 466, 480, 520, 527, 541, 555, 589, 593, 608, 733, 736, 745, 778, 780, 786, 858)
(1, 5, 6, 7, 9, 32, 65, 74, 79, 95, 100, 104, 112, 141, 260, 376, 494, 608, 609, 637, 648, 653, 707, 708, 719, 724, 733, 736, 737, 761, 780, 784, 786, 788, 802, 805, 832)
(21, 104, 141, 180, 186, 246, 356, 357, 380, 440, 539, 543, 552, 587, 597, 785)
(1, 25, 32, 34, 36, 47, 50, 110, 150, 318, 457, 527, 590, 593, 608)
(1, 2, 32, 34, 47, 50, 110, 150, 158, 165, 180, 185, 223, 296, 318, 339, 344, 356, 357, 364, 367, 377, 380, 434, 442, 455, 457, 474, 480, 481, 485, 500, 539, 586, 587, 588, 589, 590, 593, 595, 608, 648, 653, 736, 750, 778, 780, 784, 832, 858, 904)
(413, 519, 637)
(1, 11, 47, 50, 104, 111, 150, 208, 231, 236, 260, 293, 296, 318, 344, 356, 364, 367, 440, 457, 474, 480, 508, 524, 539, 546, 586, 595, 597, 608, 648, 750, 780, 858, 903, 904, 908, 912, 913, 919, 920, 933, 953)
(6, 11, 16, 17, 21, 25, 32, 36, 41, 58, 82, 95, 105, 110, 144, 150, 151, 161, 165, 185, 225, 232, 236, 247, 265, 266, 272, 292, 296, 300, 306, 307, 308, 321, 339, 342, 345, 349, 350, 356, 357, 377, 380, 417, 440, 446, 452, 454, 457, 468, 480, 501, 508, 509, 539, 551, 553, 590, 592, 594, 597, 608, 616, 661, 736, 745)
(16, 34, 317, 350, 364, 376, 432, 435, 442, 524, 539, 608, 628, 852)
(581, 589, 908)
(16, 32, 36, 47, 50, 111, 247, 260, 296, 329, 377, 457, 474, 480, 527, 541, 589, 593, 597, 608, 674, 750, 780, 832, 866, 903, 904, 905, 908, 913, 922, 924, 930, 954, 965)
(1, 2, 5, 19, 34, 39, 48, 104, 158, 231, 262, 296, 318, 344, 356, 357, 364, 374, 410, 500, 527, 586, 587, 595, 596, 597, 788, 919, 934)
(1, 14, 17, 36, 40, 48, 62, 95, 158, 185, 239, 260, 261, 313, 356, 364, 367, 480, 527, 558, 588, 594, 595, 608, 609, 647, 661, 673, 720, 733, 736, 745, 780, 783, 802, 804, 832, 838, 991)
(24, 230, 247, 468, 724, 838, 914)
(10, 34, 50, 110, 150, 161, 165, 185, 208, 292, 296, 316, 329, 349, 356, 380, 434, 454, 457, 480, 588, 590, 592, 595, 736, 780)
(1, 2, 34, 110, 111, 158, 163, 223, 231, 288, 293, 296, 344, 356, 364, 367, 480, 501, 527, 541, 562, 593, 595, 648, 673, 741, 778, 784, 858, 924)
(123, 593, 724)
(3, 5, 6, 7, 9, 10, 11, 16, 19, 23, 31, 32, 34, 39, 45, 47, 79, 95, 122, 132, 135, 150, 153, 160, 161, 163, 165, 168, 173, 179, 185, 186, 193, 204, 207, 208, 225, 227, 231, 236, 237, 248, 249, 252, 253, 256, 257, 260, 266, 276, 280, 282, 292, 296, 303, 305, 315, 318, 327, 329, 339, 344, 345, 349, 350, 356, 357, 364, 367, 368, 370, 374, 377, 378, 380, 381, 413, 415, 420, 434, 445, 454, 457, 464, 466, 474, 480, 485, 489, 494, 500, 508, 519, 520, 527, 532, 539, 540, 542, 548, 550, 552, 586, 587, 588, 589, 590, 592, 593, 595, 597, 648, 719, 733, 736, 761, 762, 780, 786, 802)
(10, 44, 47, 95, 110, 145, 150, 153, 165, 173, 204, 227, 231, 292, 296, 315, 316, 329, 344, 349, 353, 377, 380, 383, 405, 434, 442, 457, 464, 474, 480, 485, 533, 544, 548, 552, 588, 589, 590, 592, 593, 733, 780)
(22, 36, 46, 47, 50, 62, 110, 219, 246, 296, 333, 337, 356, 412, 457, 480, 527, 556, 588, 590, 733, 858, 909)
(21, 22, 105, 110, 260, 356, 377, 457, 480, 589, 593, 608, 832, 858, 908)
(6, 7, 10, 30, 32, 47, 111, 260, 273, 296, 364, 431, 480, 500, 527, 541, 588, 590, 593, 599, 750, 780, 841, 898, 899, 903, 904, 908, 909, 910, 912, 913, 915, 922, 923, 924, 926, 928, 930, 931, 933, 936, 942, 943, 945, 946, 951, 954, 955, 969)
(1, 6, 11, 16, 19, 21, 22, 24, 25, 32, 34, 39, 45, 47, 50, 81, 104, 110, 145, 150, 161, 180, 185, 196, 209, 223, 235, 246, 253, 260, 293, 296, 300, 316, 318, 322, 327, 333, 337, 339, 344, 353, 356, 367, 379, 380, 410, 438, 463, 471, 474, 480, 508, 514, 539, 541, 542, 543, 587, 588, 589, 590, 592, 593, 597, 608, 628, 647, 653, 708, 733, 737, 750, 780, 785, 788, 802, 810, 829, 832, 849, 852, 858, 880, 924, 968, 999)
(372, 468, 858, 904, 920, 953)
(1, 364, 595, 902, 912, 920, 940)
(260, 318, 593)
(21, 24, 28, 46, 288, 346, 380, 439, 518, 524, 589, 612, 619, 700, 835, 907, 953, 969)
(2, 10, 21, 32, 39, 47, 50, 110, 150, 153, 165, 185, 208, 253, 282, 288, 292, 296, 316, 317, 318, 329, 339, 344, 349, 350, 356, 364, 367, 377, 380, 410, 432, 434, 440, 442, 454, 457, 474, 480, 500, 509, 527, 539, 587, 588, 589, 590, 592, 595, 597)
(913)
(1, 11, 17, 25, 32, 50, 62, 95, 100, 102, 105, 110, 111, 126, 141, 150, 151, 153, 164, 208, 216, 224, 235, 252, 253, 260, 261, 265, 275, 282, 296, 314, 316, 317, 329, 345, 350, 356, 357, 367, 368, 370, 377, 379, 381, 383, 405, 412, 417, 420, 421, 428, 432, 440, 441, 444, 454, 458, 463, 466, 468, 473, 474, 475, 480, 500, 502, 505, 509, 514, 515, 517, 518, 520, 521, 527, 529, 531, 534, 537, 539, 551, 552, 580, 587, 588, 589, 590, 592, 593, 594, 595, 596, 597, 599, 608, 610, 647, 653, 674, 707, 715, 720, 733, 736, 750, 761, 778, 780, 788, 801, 838, 848, 858, 888, 898, 902, 903, 904, 905, 908, 909, 910, 911, 912, 913, 919, 920, 921, 923, 924, 926, 936, 940, 943, 944, 945, 946, 948, 949, 951, 952, 953, 954, 955, 961, 969, 970, 971, 973, 984)
(1, 110, 111, 150, 153, 163, 165, 185, 207, 208, 246, 253, 288, 296, 300, 316, 318, 319, 329, 380, 509, 588, 590, 592, 595)
(17, 46, 50, 265, 296, 318, 326, 527, 608)
(21, 31, 47, 50, 111, 150, 153, 160, 161, 165, 168, 172, 173, 185, 196, 204, 208, 225, 237, 246, 252, 253, 256, 276, 288, 293, 296, 300, 315, 316, 318, 329, 337, 349, 380, 410, 432, 434, 553, 588, 590, 592, 595)
(1, 7, 11, 17, 24, 25, 32, 39, 47, 48, 50, 52, 110, 132, 151, 160, 161, 168, 195, 222, 223, 225, 260, 266, 288, 292, 293, 296, 316, 318, 329, 339, 349, 350, 353, 356, 357, 377, 380, 442, 454, 457, 474, 480, 490, 509, 527, 539, 541, 551, 587, 588, 589, 590, 592, 593, 595, 597, 608, 610, 628, 647, 708, 733, 736, 786, 802, 832, 852, 858, 880, 904, 908, 914, 915, 916, 919, 920, 934)
(16, 58, 112, 151, 432, 923)
(50, 318, 337, 527, 750)
(1, 2, 6, 10, 18, 22, 23, 32, 47, 50, 66, 70, 76, 89, 95, 107, 111, 150, 160, 161, 163, 164, 165, 170, 172, 173, 185, 196, 198, 200, 223, 225, 230, 240, 256, 258, 288, 292, 293, 316, 319, 327, 329, 332, 338, 349, 350, 353, 356, 376, 377, 379, 405, 407, 422, 423, 426, 435, 442, 454, 457, 474, 480, 481, 482, 494, 497, 504, 512, 519, 540, 541, 546, 547, 587, 588, 589, 593, 600, 608, 610, 611, 628, 662, 691, 733, 736, 741, 748, 780, 786, 788, 798, 832, 839, 849, 861, 880, 882, 891)
(6, 25, 29, 32, 36, 47, 50, 111, 170, 172, 185, 194, 198, 223, 235, 247, 260, 288, 293, 296, 307, 318, 348, 356, 377, 431, 480, 482, 492, 527, 541, 555, 590, 593, 608, 680, 714, 736, 778, 858, 866, 903, 904, 908, 910, 912, 913, 922, 923, 924, 928, 930, 931, 942, 965)
(94, 277, 524, 589, 858, 908, 912, 950, 951)
(1, 10, 17, 28, 73, 150, 153, 161, 165, 185, 208, 231, 253, 261, 265, 272, 292, 296, 300, 316, 318, 329, 339, 342, 344, 349, 356, 380, 434, 468, 497, 527, 529, 534, 588, 590, 592, 595, 613, 668)
(1, 260, 356, 527, 904, 908, 912, 919, 922, 923, 926, 933, 953, 954)
(1, 34, 110, 150, 153, 231, 296, 318, 344, 356, 364, 367, 377, 480, 527, 588, 589, 595, 648, 733, 736, 780)
(24, 105, 318, 527, 608, 858, 912)
(1, 36, 50, 230, 260, 296, 318, 356, 357, 432, 457, 529, 551, 588, 589, 590, 608, 745, 919)
(3, 32, 78, 104, 260, 494, 608, 653, 663, 707, 778, 780, 784, 786, 788, 802, 832, 842)
(150, 153, 231, 260, 296, 344, 356, 367, 380, 457, 480, 509, 527, 589, 590, 592, 593, 597, 608, 648, 780, 858, 899, 903, 904, 908, 912, 919, 922, 923, 969)
(48, 163, 168, 172, 186, 246, 342, 370, 543, 552)
(1, 260, 318, 356, 480, 593)
(1, 3, 17, 34, 79, 95, 104, 110, 135, 150, 260, 300, 316, 318, 349, 356, 364, 376, 380, 457, 474, 494, 497, 527, 541, 588, 589, 590, 593, 608, 637, 648, 671, 673, 719, 733, 765, 780, 785, 788, 802, 805, 830, 852, 858, 903, 904, 913, 919, 926, 953, 986, 991)
(1, 3, 6, 7, 14, 25, 32, 36, 79, 95, 104, 135, 260, 628, 648, 653, 733, 736, 780, 788)
(1, 2, 19, 34, 39, 48, 253, 260, 296, 337, 344, 364, 480, 541, 551, 588, 593, 595, 596, 648, 709, 783)
(1, 16, 47, 110, 111, 153, 260, 296, 316, 356, 480, 541, 588, 589, 592, 858, 903, 924)
(1, 25, 34, 110, 141, 150, 151, 163, 246, 260, 300, 316, 318, 356, 364, 380, 432, 457, 480, 588, 593, 595, 608, 648, 720, 736, 745, 780, 899, 904, 908, 910, 919, 938)
(39, 348, 475, 745, 910)
(60, 169, 273, 519)
(2, 10, 11, 21, 25, 29, 32, 34, 36, 45, 47, 50, 60, 85, 97, 107, 110, 144, 147, 150, 153, 155, 156, 162, 164, 177, 180, 188, 194, 208, 215, 223, 229, 231, 235, 246, 247, 253, 260, 261, 265, 268, 272, 273, 280, 282, 288, 292, 296, 300, 316, 318, 319, 329, 337, 344, 348, 349, 353, 354, 356, 357, 362, 364, 367, 371, 372, 373, 376, 380, 382, 417, 418, 434, 448, 457, 461, 471, 474, 475, 477, 480, 481, 493, 497, 500, 501, 508, 509, 515, 527, 531, 534, 535, 538, 539, 551, 555, 562, 587, 588, 589, 590, 592, 593, 595, 596, 597, 608, 647, 653, 661, 736, 764, 778, 783, 799, 802, 805)
(47, 50, 293, 296, 318, 527, 728, 778, 858)
(1, 34, 231, 260, 356, 480, 500, 541, 588, 589, 750, 778, 780, 924)
(1, 16, 17, 21, 32, 34, 36, 39, 47, 50, 58, 111, 141, 150, 165, 236, 261, 282, 296, 318, 348, 356, 357, 367, 377, 380, 410, 440, 457, 480, 500, 508, 527, 588, 592, 593, 595, 597, 608, 648, 708, 736, 785, 898, 904, 905, 908, 913, 919, 923, 924, 927, 936, 947, 950, 951, 954, 955, 965)
(6, 21, 32, 39, 47, 50, 70, 110, 150, 198, 253, 260, 288, 293, 296, 316, 337, 377, 407, 442, 482, 527, 541, 555, 556, 562, 581, 589, 593, 595, 599, 608, 610, 678, 724, 750, 858, 912, 913, 919, 923, 924, 940, 969)
(1, 2, 5, 10, 19, 25, 32, 34, 47, 110, 135, 150, 165, 186, 198, 208, 215, 253, 266, 288, 318, 339, 344, 345, 355, 356, 357, 364, 367, 376, 377, 380, 381, 457, 480, 500, 520, 527, 539, 552, 586, 587, 588, 589, 590, 595, 597, 648, 733, 736, 778, 784, 788, 832, 904, 910)
(1, 2, 10, 11, 12, 15, 17, 24, 29, 32, 44, 47, 50, 57, 65, 66, 76, 92, 93, 110, 150, 151, 153, 158, 160, 161, 168, 170, 172, 173, 177, 185, 188, 196, 198, 208, 234, 236, 237, 241, 249, 252, 253, 257, 272, 273, 274, 275, 276, 279, 289, 292, 295, 302, 303, 316, 317, 327, 328, 329, 338, 339, 340, 342, 344, 351, 353, 355, 356, 357, 362, 364, 367, 368, 370, 372, 380, 382, 405, 410, 412, 420, 432, 434, 435, 440, 442, 455, 457, 466, 468, 475, 480, 485, 489, 494, 497, 500, 505, 508, 514, 515, 519, 520, 533, 539, 542, 543, 546, 551, 552, 553, 575, 586, 587, 588, 589, 590, 592, 593, 594, 595, 596, 597, 610, 637, 648, 653, 724, 780, 786, 799, 880)
(1, 2, 6, 10, 11, 19, 21, 32, 34, 39, 44, 45, 47, 50, 62, 76, 95, 110, 112, 141, 145, 150, 151, 153, 160, 161, 163, 165, 172, 173, 177, 181, 186, 188, 193, 196, 204, 208, 223, 224, 231, 235, 237, 247, 252, 253, 266, 273, 288, 292, 293, 296, 300, 315, 316, 317, 318, 319, 328, 329, 330, 332, 333, 339, 344, 349, 350, 353, 355, 356, 357, 362, 364, 366, 367, 368, 370, 377, 380, 413, 420, 426, 432, 434, 435, 440, 442, 454, 455, 457, 466, 471, 474, 480, 485, 497, 500, 508, 509, 520, 527, 529, 532, 539, 543, 551, 552, 553, 555, 587, 588, 589, 590, 592, 595, 597, 606, 608, 610, 648, 736, 778, 780)
(24, 34, 110, 150, 208, 224, 266, 293, 296, 340, 356, 364, 368, 380, 383, 440, 457, 458, 480, 491, 500, 527, 539, 555, 586, 587, 588, 589, 590, 593, 596, 597, 610, 786)
(229, 899, 900, 901, 912, 923, 935, 938, 940, 943, 946, 953, 956)
(1, 2, 3, 10, 19, 21, 22, 31, 44, 47, 50, 62, 70, 81, 104, 110, 111, 112, 145, 158, 163, 165, 173, 181, 185, 196, 198, 216, 225, 231, 246, 276, 280, 292, 293, 296, 317, 318, 322, 338, 339, 344, 350, 356, 364, 367, 370, 377, 380, 393, 413, 424, 428, 432, 434, 442, 457, 466, 470, 480, 485, 500, 502, 508, 514, 520, 524, 527, 529, 538, 539, 543, 546, 586, 587, 588, 589, 592, 593, 595, 596, 608, 648, 653, 671, 673, 733, 736, 741, 780, 784, 802, 805, 810, 832, 834, 866, 919, 968)
(318)
(1, 2, 25, 34, 36, 39, 41, 48, 50, 150, 153, 223, 246, 260, 296, 316, 318, 329, 333, 344, 357, 364, 381, 440, 480, 497, 500, 527, 539, 541, 586, 588, 589, 592, 594, 595, 596, 608, 616, 627, 648, 674, 678, 709, 761, 783, 848, 858, 898, 899, 903, 904, 912, 919, 923, 940, 953, 954)
(3, 16, 104, 110, 112, 135, 236, 260, 282, 315, 329, 370, 457, 466, 589, 784, 858, 904)
(17, 39, 135, 327, 531, 542, 562, 661, 778, 838, 858)
(1, 2, 19, 47, 110, 266, 293, 296, 318, 350, 356, 527, 541, 589, 593, 786)
(1, 17, 24, 25, 28, 32, 34, 36, 52, 55, 57, 58, 62, 68, 105, 111, 141, 162, 164, 230, 232, 260, 261, 265, 300, 306, 307, 308, 318, 337, 339, 348, 356, 357, 361, 363, 434, 448, 471, 475, 492, 497, 506, 508, 509, 515, 527, 534, 538, 549, 581, 586, 587, 588, 599, 608, 616, 674, 685, 719, 728, 750, 780, 838, 858, 898, 899, 900, 902, 904, 908, 909, 910, 912, 914, 916, 918, 919, 920, 921, 922, 923, 924, 926, 927, 932, 935, 951, 952, 953, 955, 968, 994)
(1, 50, 260, 296, 318, 356, 480, 527, 780, 858, 924)
(1, 150, 260, 296, 344, 356, 593, 904, 909, 919)
(47, 50, 111, 161, 457, 474, 593, 608, 628, 904, 924)
(32, 135, 296, 303, 428, 481, 648)
(1, 2, 6, 8, 11, 14, 16, 18, 21, 23, 25, 32, 34, 42, 45, 47, 50, 52, 60, 70, 78, 100, 110, 111, 118, 141, 150, 158, 161, 162, 165, 170, 196, 203, 208, 209, 224, 227, 228, 235, 253, 254, 260, 261, 272, 281, 282, 288, 296, 300, 317, 318, 337, 344, 348, 349, 350, 356, 357, 364, 368, 369, 371, 377, 380, 382, 410, 412, 413, 419, 424, 425, 426, 428, 432, 434, 440, 445, 451, 454, 457, 459, 463, 471, 472, 474, 477, 480, 485, 492, 500, 507, 508, 509, 515, 517, 518, 523, 527, 531, 532, 534, 535, 538, 539, 540, 541, 553, 555, 556, 581, 586, 587, 588, 589, 590, 592, 593, 594, 595, 596, 597, 608, 628, 640, 647, 661, 707, 733, 736, 750, 762, 765, 767, 780, 782, 800, 805, 806, 832, 858, 869, 898, 899, 903, 904, 908, 912, 913, 914, 919, 920, 921, 922, 923, 924, 928, 947, 950, 953, 954, 969, 971, 996)
(1, 3, 5, 6, 7, 12, 14, 17, 25, 32, 36, 62, 76, 78, 79, 81, 86, 95, 100, 103, 107, 140, 376, 494, 608, 628, 640, 648, 653, 694, 719, 733, 742, 761, 762, 780, 782, 784, 786, 798, 802, 805, 832, 836, 852)
(58, 215, 290, 306, 307, 318, 364, 527, 590, 858, 912, 922)
(50, 70, 126, 169, 296, 778, 785, 923)
(50, 73, 111, 296, 527, 593)
(110, 165, 260, 296, 318, 349, 356, 380, 457, 480, 508, 527, 588, 589, 648, 733, 780)
(19, 110, 163, 344, 370, 380, 457, 466, 480, 589, 733)
(1, 2, 5, 6, 10, 11, 14, 16, 17, 19, 21, 22, 25, 32, 34, 36, 39, 44, 47, 50, 52, 62, 70, 82, 94, 95, 101, 104, 107, 110, 111, 112, 123, 125, 145, 149, 150, 153, 157, 160, 161, 162, 163, 164, 165, 170, 172, 175, 176, 180, 185, 193, 196, 198, 208, 214, 215, 216, 223, 225, 230, 231, 232, 233, 235, 237, 246, 247, 252, 253, 260, 265, 288, 292, 293, 296, 300, 306, 307, 308, 316, 317, 318, 322, 329, 335, 339, 342, 344, 349, 353, 355, 356, 357, 364, 367, 370, 371, 372, 373, 377, 380, 382, 429, 431, 434, 435, 440, 441, 442, 454, 457, 466, 471, 474, 480, 481, 483, 485, 494, 500, 508, 509, 520, 524, 527, 535, 539, 540, 541, 543, 549, 551, 555, 556, 562, 574, 586, 587, 588, 589, 590, 592, 593, 594, 597, 608, 610, 628, 647, 648, 663, 665, 674, 680, 708, 720, 724, 733, 736, 745, 748, 750, 762, 778, 780, 784, 785, 786, 788, 799, 800, 802, 803, 804, 832, 836, 851, 858, 866, 899, 903, 904, 908, 909, 910, 911, 912, 913, 914, 916, 919, 920, 922, 923, 924, 926, 931, 953, 994)
(11, 21, 36, 52, 104, 111, 141, 235, 300, 318, 322, 344, 348, 357, 428, 450, 515, 527, 585, 593, 596, 608, 635, 750, 858, 897, 898, 899, 900, 901, 902, 905, 907, 908, 909, 910, 911, 912, 913, 914, 915, 916, 918, 919, 920, 923, 924, 926, 929, 930, 931, 933, 934, 935, 936, 937, 938, 939, 940, 942, 945, 946, 948, 949, 950, 951, 952, 953, 954, 962, 969, 970, 973)
(17, 47, 110, 293, 296, 318, 356, 587, 589, 593)
(2, 7, 11, 21, 31, 36, 39, 47, 62, 95, 104, 141, 150, 153, 160, 163, 165, 185, 223, 231, 253, 256, 260, 261, 288, 296, 316, 318, 337, 339, 344, 345, 350, 353, 356, 357, 364, 377, 380, 435, 440, 454, 457, 480, 497, 500, 508, 509, 520, 527, 539, 541, 551, 552, 553, 586, 588, 592, 593, 594, 595, 596, 608, 648, 708, 733, 736, 745, 778, 780, 802, 913, 914, 919, 924)
(1, 16, 32, 58, 111, 260, 288, 293, 296, 307, 318, 356, 495, 527, 541, 593, 608, 680, 702, 750, 778, 858, 899, 903, 908, 912, 919, 922, 923, 924, 933, 955)
(16, 47, 110, 111, 223, 296, 555, 608, 785)
(17, 495, 500, 527, 541, 593, 784, 858)
(1, 32, 47, 110, 296, 318, 356, 457, 527, 589, 593, 778)
(357, 520, 588)
(2, 10, 11, 17, 21, 25, 31, 32, 36, 39, 44, 47, 48, 62, 95, 141, 145, 150, 153, 158, 160, 161, 163, 165, 172, 173, 181, 185, 204, 224, 225, 227, 231, 236, 237, 252, 256, 261, 266, 277, 292, 293, 296, 300, 315, 316, 317, 318, 329, 337, 339, 344, 349, 350, 356, 357, 364, 367, 368, 370, 377, 380, 410, 420, 434, 440, 442, 454, 457, 474, 480, 485, 500, 508, 509, 515, 539, 553, 585, 586, 587, 588, 589, 590, 592, 593, 595, 597, 608, 648)
(2, 4, 5, 6, 8, 9, 10, 16, 20, 21, 24, 25, 36, 65, 74, 79, 89, 104, 105, 135, 140, 494, 616, 637, 647, 711, 762)
(19, 32, 344, 524)
(158, 193)
(1, 36, 104, 110, 150, 165, 260, 296, 356, 457, 474, 508, 527, 589, 593, 608, 648, 733, 780)
(1, 11, 17, 21, 25, 34, 39, 62, 150, 208, 260, 265, 266, 337, 339, 342, 357, 364, 368, 377, 457, 508, 515, 529, 539, 586, 587, 588, 590, 592, 595, 597, 648, 733, 858, 898, 902, 904, 908, 910, 912, 914, 919, 920, 923)
(1, 25, 32, 141, 188, 247, 253, 296, 593)
(1, 32, 110, 153, 198, 260, 272, 292, 296, 316, 318, 329, 344, 345, 364, 380, 588, 589, 590, 592, 593, 595, 608, 780)
(6, 16, 18, 21, 25, 31, 32, 36, 41, 45, 50, 52, 55, 57, 58, 68, 111, 144, 145, 147, 151, 165, 216, 223, 232, 236, 242, 246, 248, 249, 252, 253, 256, 260, 261, 265, 272, 273, 277, 282, 288, 293, 296, 300, 306, 307, 308, 312, 315, 318, 321, 334, 345, 348, 350, 356, 357, 362, 368, 372, 381, 382, 412, 420, 431, 432, 434, 440, 454, 457, 469, 475, 480, 481, 491, 508, 509, 515, 521, 524, 527, 531, 532, 534, 539, 540, 543, 551, 586, 587, 588, 590, 592, 593, 597, 640, 720, 778, 788, 838)
(111, 121, 290, 327, 593, 608, 615, 648, 678, 806, 846, 858, 903, 904, 908, 912, 920, 924, 949, 969, 999)
(111, 165, 318, 356, 527, 593, 858)
(318, 349, 356, 480, 648)
(10, 39, 62, 95, 153, 158, 163, 165, 173, 196, 198, 204, 222, 236, 256, 257, 260, 262, 296, 317, 339, 344, 349, 380, 410, 434, 588, 592, 595, 610)
(1, 6, 10, 32, 34, 39, 47, 62, 70, 76, 95, 110, 111, 141, 161, 163, 165, 173, 185, 208, 223, 231, 253, 260, 288, 292, 293, 296, 316, 318, 329, 339, 344, 349, 353, 356, 364, 367, 377, 380, 413, 442, 457, 480, 500, 541, 551, 586, 587, 588, 589, 590, 592, 593, 595, 597, 608, 648, 720, 733, 736, 741, 745, 750, 780, 839, 849, 919, 924)
(50, 293, 296, 318, 372, 527, 551, 750, 778, 902, 903)
(10, 21, 39, 47, 95, 110, 150, 160, 161, 165, 185, 208, 231, 253, 282, 292, 296, 315, 316, 337, 339, 344, 349, 356, 357, 367, 368, 377, 380, 420, 434, 440, 442, 454, 457, 480, 509, 527, 539, 553, 587, 589, 590, 597, 780, 786)
(10, 21, 32, 34, 39, 47, 50, 110, 150, 153, 160, 161, 165, 185, 208, 225, 231, 253, 266, 288, 292, 296, 300, 316, 317, 318, 329, 344, 348, 349, 356, 364, 367, 377, 380, 410, 420, 434, 435, 454, 457, 480, 500, 515, 527, 539, 586, 587, 588, 589, 590, 592, 593, 594, 595, 596, 597, 608)
(47, 260, 293, 296, 318, 356, 778)
(47, 110, 111, 215, 247, 296, 318, 356, 551, 593, 595, 745, 912, 919)
(110, 260, 296, 356, 367, 551, 589)
(1, 11, 29, 32, 34, 39, 160, 164, 185, 196, 198, 260, 293, 350, 356, 451, 480, 492, 497, 513, 517, 541, 588, 589, 610, 648, 671, 745, 750, 800, 898, 899, 903, 904, 906, 907, 908, 909, 910, 911, 912, 913, 916, 923, 924, 928, 931, 933, 942, 943, 945, 946, 950, 951, 968, 969)
(10, 17, 39, 47, 50, 52, 62, 110, 144, 150, 153, 161, 165, 168, 185, 186, 208, 222, 223, 225, 235, 248, 253, 261, 265, 266, 272, 273, 292, 296, 300, 314, 317, 319, 339, 349, 350, 356, 357, 364, 367, 370, 371, 372, 377, 382, 405, 410, 454, 457, 468, 474, 480, 485, 497, 500, 508, 509, 515, 527, 537, 539, 550, 551, 552, 585, 586, 587, 588, 589, 590, 592, 593, 616, 661, 720)
(1, 5, 17, 41, 47, 50, 110, 150, 186, 215, 223, 236, 246, 247, 260, 318, 337, 350, 356, 357, 377, 420, 432, 457, 497, 520, 527, 529, 587, 628, 661, 832, 898, 899, 902, 904, 908, 910, 911, 912, 914, 919, 920, 923, 928, 953, 955)
(110, 150, 151, 161, 208, 231, 292, 296, 318, 339, 344, 349, 356, 380, 434, 457, 480, 527, 590, 592, 593, 595)
(1, 5, 6, 25, 32, 34, 36, 45, 47, 50, 62, 110, 111, 141, 153, 196, 223, 235, 253, 260, 293, 296, 318, 329, 344, 345, 353, 356, 364, 370, 377, 480, 527, 529, 539, 585, 587, 588, 592, 593, 608, 648, 780, 858, 903, 904, 910, 924)
(34, 39, 45, 125, 185, 187, 196, 198, 223, 235, 260, 316, 318, 327, 435, 440, 442, 465, 480, 527, 541, 588, 589, 593, 608, 671, 674, 748, 780, 788, 830, 858, 917, 919, 920, 924, 926, 955, 968, 971)
(5, 253, 277, 296, 344, 345, 356, 440, 527, 551, 589, 783, 914, 919, 920, 954)
(1, 2, 3, 5, 6, 7, 10, 11, 19, 22, 27, 31, 32, 34, 36, 39, 46, 52, 61, 62, 64, 74, 79, 94, 95, 102, 113, 116, 135, 140, 141, 150, 153, 165, 185, 186, 196, 203, 204, 207, 208, 216, 218, 219, 224, 231, 236, 252, 253, 261, 262, 277, 282, 289, 292, 296, 300, 317, 318, 337, 339, 342, 344, 345, 349, 350, 351, 356, 357, 361, 364, 367, 370, 372, 377, 380, 381, 410, 432, 434, 435, 440, 454, 457, 466, 474, 475, 480, 494, 500, 514, 536, 539, 543, 562, 585, 587, 588, 589, 590, 592, 593, 597, 608, 627, 628, 638, 647, 648, 705, 708, 724, 733, 736, 780, 786, 802, 804, 805, 830, 832, 837, 838, 852, 986)
(10, 19, 23, 34, 47, 70, 95, 110, 145, 153, 160, 165, 168, 172, 173, 193, 223, 231, 260, 288, 296, 303, 315, 344, 353, 356, 361, 364, 367, 372, 377, 379, 380, 393, 420, 434, 442, 454, 457, 466, 480, 481, 485, 500, 507, 519, 520, 527, 541, 589, 592, 648, 653, 673, 733, 778, 780, 784, 786, 798, 836, 880, 990, 996)
(14, 25, 47, 50, 150, 175, 185, 223, 235, 260, 296, 300, 318, 344, 356, 364, 413, 419, 527, 595, 608, 610, 778, 904, 912, 914, 923, 924)
(1, 2, 4, 5, 7, 9, 11, 13, 17, 19, 21, 22, 24, 34, 39, 47, 48, 54, 64, 65, 74, 87, 88, 89, 95, 102, 104, 122, 126, 141, 153, 158, 160, 165, 169, 172, 173, 181, 186, 195, 196, 203, 207, 216, 218, 222, 223, 224, 225, 230, 231, 234, 236, 237, 239, 248, 250, 252, 253, 260, 265, 266, 270, 273, 275, 276, 282, 288, 289, 292, 296, 316, 317, 318, 329, 337, 339, 342, 344, 345, 351, 353, 355, 356, 360, 361, 362, 364, 367, 368, 372, 374, 377, 378, 379, 380, 381, 410, 414, 415, 420, 432, 434, 435, 440, 441, 442, 448, 450, 451, 453, 455, 457, 464, 466, 480, 481, 485, 487, 494, 498, 500, 502, 508, 509, 516, 518, 519, 520, 529, 532, 539, 542, 546, 550, 551, 552, 555, 558, 564, 575, 585, 586, 587, 588, 589, 590, 592, 593, 594, 595, 596, 597, 605, 608, 612, 616, 628, 648, 653, 661, 663, 673, 691, 708, 709, 711, 719, 733, 736, 742, 762, 780, 783, 786, 788, 798, 799, 801, 802, 805, 828, 829, 830, 832, 836, 837, 840, 858, 885, 899, 900, 902, 912, 914, 919, 920, 924, 932, 953, 986, 998)
(6, 25, 34, 39, 42, 60, 95, 104, 110, 111, 112, 150, 164, 165, 196, 208, 235, 246, 258, 260, 281, 288, 296, 303, 318, 330, 349, 356, 368, 377, 379, 380, 405, 420, 426, 443, 457, 471, 480, 485, 527, 531, 541, 587, 589, 590, 593, 595, 597, 608, 661, 722, 724, 736, 788, 858, 898, 899, 900, 905, 908, 909, 910, 912, 913, 915, 916, 919, 920, 921, 922, 923, 924, 930, 942, 943, 944, 945, 951, 952, 953, 954, 960, 969, 971, 973)
(1, 6, 7, 12, 25, 32, 79, 95, 104, 135, 260, 494, 647, 648, 653, 673, 719, 733, 736, 737, 743, 761, 762, 765, 780, 786, 788, 802, 830, 832, 849, 852, 858)
(1, 39, 47, 50, 104, 231, 253, 260, 293, 296, 318, 337, 356, 480, 541, 586, 593, 610, 780, 908)
(231, 318, 356, 480, 527, 593)
(1, 5, 6, 9, 36, 41, 95, 260, 376, 494, 605, 608, 648, 653, 673, 704, 711, 731, 733, 736, 737, 743, 760, 761, 778, 780, 782, 783, 784, 786, 788, 798, 799, 805, 830, 832, 849, 852, 991, 996)
(111, 165, 238, 392, 420, 421, 484, 968)
(47, 110, 145, 165, 260, 266, 293, 318, 356, 377, 474, 527, 541, 786, 858, 861)
(1, 2, 6, 10, 15, 16, 19, 21, 25, 31, 32, 34, 36, 39, 44, 47, 48, 50, 60, 63, 65, 69, 70, 98, 101, 104, 107, 110, 111, 112, 145, 147, 150, 153, 158, 160, 163, 165, 168, 169, 172, 173, 175, 177, 180, 185, 193, 198, 208, 215, 216, 223, 231, 233, 235, 239, 246, 247, 253, 256, 258, 260, 266, 267, 288, 292, 293, 296, 300, 316, 318, 319, 322, 327, 333, 337, 338, 344, 349, 352, 353, 356, 364, 367, 368, 374, 377, 380, 407, 409, 410, 413, 428, 431, 435, 441, 442, 456, 457, 466, 471, 474, 480, 481, 482, 485, 493, 497, 500, 502, 507, 508, 510, 514, 520, 522, 527, 541, 551, 553, 555, 575, 585, 586, 588, 589, 590, 592, 593, 594, 595, 596, 597, 608, 610, 628, 631, 648, 653, 673, 694, 704, 708, 719, 733, 735, 736, 737, 741, 742, 745, 748, 761, 778, 780, 784, 785, 786, 788, 799, 802, 832, 849, 858, 880, 904, 909, 919, 924, 940, 968)
(1, 356, 480, 593)
(1, 6, 25, 32, 36, 41, 52, 62, 81, 94, 260, 605, 608, 633, 635, 648, 661, 733, 745, 778, 780, 785, 802, 832, 852, 858, 866, 994)
(2, 29, 110, 130, 165, 172, 173, 196, 208, 233, 253, 260, 262, 316, 327, 329, 332, 353, 356, 377, 380, 426, 435, 442, 457, 541, 592, 610, 648, 674, 736, 748, 780, 849, 917, 919, 924, 986)
(50, 260, 272, 318, 593, 719, 745, 750, 858, 904)
(111, 154, 190, 306, 308, 318, 495, 509, 549, 668, 750, 872, 899, 903, 904, 910, 922, 924)
(3, 11, 19, 21, 25, 34, 36, 39, 87, 95, 99, 104, 105, 110, 118, 125, 146, 150, 164, 165, 170, 172, 173, 216, 224, 230, 231, 234, 237, 238, 246, 247, 248, 253, 254, 255, 258, 261, 262, 344, 345, 350, 353, 357, 361, 405, 421, 423, 428, 429, 440, 442, 457, 468, 474, 480, 484, 541, 585, 586, 587, 588, 590, 592, 608, 609, 616, 648, 661, 700, 724, 745, 779, 780, 783, 800, 801, 808, 829, 830, 838, 858, 900, 902, 903, 904, 905, 906, 911, 912, 913, 917, 920, 923, 924, 926, 932, 934, 938, 940, 942, 943, 951, 952, 953, 955, 965, 969, 986)
(11, 32, 50, 111, 150, 223, 231, 292, 296, 300, 318, 367, 380, 410, 412, 480, 527, 541, 586, 590, 593, 720, 745, 858, 912, 919)
(1, 3, 16, 39, 50, 101, 110, 231, 293, 333, 344, 356, 364, 367, 377, 441, 457, 480, 500, 585, 589, 608, 648, 745, 785, 858)
(1, 3, 5, 7, 107, 141, 260, 376, 494, 608, 609, 631, 647, 648, 653, 661, 663, 673, 708, 719, 733, 736, 761, 762, 780, 783, 786, 788, 801, 802, 810, 837, 848, 852, 880, 881)
(47, 293, 306, 318, 541)
(11, 21, 32, 34, 41, 47, 50, 141, 150, 161, 185, 230, 252, 261, 288, 296, 300, 316, 318, 339, 342, 350, 355, 356, 377, 380, 440, 455, 457, 471, 480, 500, 508, 527, 539, 586, 587, 590, 592, 593, 594, 595, 597, 736, 780, 802)
(246, 265, 308, 496, 527, 715, 923)